3333333333333333333333333331233333321333333333333333333333333333
3333333333333333333333333331233333311333333133333333333333333333
3333333333333333333333333331233333312333333123333333333333333333
3333333333333333333333333331233333312333333113333333313333333333
3333333333333333333333333331233333312333333123333333213333333333
3333333333333333333333333331233333312333333123333333113333333133
3333333333333333333333333331233333312333333123333333123333333123
3333333333333333333333333331233333312333333123333333123333333111
3333333333333333333333333331233333312333333123333333223333332111
3333333333333333333333333331233333312333333123333333223333311111
3333333333333333333333333331233333312333333223333323223333311111
3333333333333333333333333331233333312333333123333321223333311111
3333333333333333333333333331233333312333333123333322223333211111
3333333333333333333333333331233333312333333123333312223331111111
3333333333333333333333333331233333312333333123333222223331111111
3333333333333333333333333331233333312333333123133222213331111111
3333333333333333333333333331233333312333333123133222222331111111
3333333333333333333333333331233333312333333123113222221331111111
3333333333333333333333333331233333312333333123113222222231111111
3333333333333333333333333331233333311333333111113222111231111111
3333333333333333333333333331233333321333332111113222111231111111
3333333333333333333333333331233333321333332111111111111231111111
3333333333333333333333333331233333321333332111111211111221111111
3333333333333333333333333331233333321333311111111111111221111111
3333333333333333333333333331233333321333211111112111111221111111
3333333333333333333333333331233333111333211111112111111221111111
3333333333333333333333333331233333111332211111122111111221111111
3333333333333333333333333331233133111331211111112111111121111111
3333333333333333333333333322233133111331211111112111111121111111
3333333333333333333331333322133133111331211111112111111121111111
3333333333333333333331333322223133111331211111112111111121111111
3333333333333333333331333322213133111131211111112111111121111111
3333333333333333333331333322222133111131211111112111111121111111
3333333333333333333331333111111133111131211111112111111121111111
3333333333333333333321333112111133211131221111112111111121111111
3333333333333333333321333112111131111131211111112111111121111111
3333333333333333333321333112121131111121211111112111111121111111
3333333333333333333321133112111131111121211111112111111121111111
3333333333333333333321133112111122222221211111112111111121111111
3333333333333333333321131112111121222221211111112111111121111111
3333333333333333333322221112112121222221211111112111111121111111
3333333333333333333122221111112121212221211111112111111121111111
3333333333333333332222221222112121212221211111112111111121111111
3333333333333333312222221112112121212221211111112111111121111111
3333333333333333222222222212112121212221211111112111111121111111
3333333333333331222222112212112121212221211111112111111121111111
3333333333333321222222212212112121212221211111112111111121111111
3333333333333111222211112211112121112221211111112111111121111111
3333333333332111222222112211212121112221211111112111111121111111
3333333333311111222112112211212121112221211111112111111121111111
3333333333211111222212112211212121112221211111112111111121111111
3333333331111111211212112111212121112221211111112111111121111111
3333333231111121211212112111212121112221211111112111111121111111
3333331231111111211212112111212121112221211111112111111121111111
3333322231112211211212112111212121112221211111112111111121111111
3333122231111111211212112111212121112221211111112111111121111111
3332222231222111221212112111212121112221211111112111111121111111
3332222211222111211212112111212121112221211111112111111121111111
3322222212222111211212112111212121112221211111112111111121111111
3122222211122111211112112111112121112121211111112111111121111111
3333333333333333333333333331233333321333333333333333333333333333
3333333333333333333333333331233333311333333133333333333333333333
3333333333333333333333333331233333312333333123333333333333333333
3333333333333333333333333331233333312333333113333333313333333333
3333333333333333333333333331233333312333333123333333213333333333
3333333333333333333333333331233333312333333123333333113333333133
3333333333333333333333333331233333312333333123333333123333333123
3333333333333333333333333331233333312333333123333333123333333111
3333333333333333333333333331233333312333333123333333223333332111
3333333333333333333333333331233333312333333123333333223333311111
3333333333333333333333333331233333312333333223333323223333311111
3333333333333333333333333331233333312333333123333321223333311111
3333333333333333333333333331233333312333333123333322223333211111
3333333333333333333333333331233333312333333123333312223331111111
3333333333333333333333333331233333312333333123333222223331111111
3333333333333333333333333331233333312333333123133222213331111111
3333333333333333333333333331233333312333333123133222222331111111
3333333333333333333333333331233333312333333123113222221331111111
3333333333333333333333333331233333312333333123113222222231111111
3333333333333333333333333331233333311333333111113222111231111111
3333333333333333333333333331233333321333332111113222111231111111
3333333333333333333333333331233333321333332111111111111231111111
3333333333333333333333333331233333321333332111111211111221111111
3333333333333333333333333331233333321333311111111111111221111111
3333333333333333333333333331233333321333211111112111111221111111
3333333333333333333333333331233333111333211111112111111221111111
3333333333333333333333333331233333111332211111122111111221111111
3333333333333333333333333331233133111331211111112111111121111111
3333333333333333333333333322233133111331211111112111111121111111
3333333333333333333331333322133133111331211111112111111121111111
3333333333333333333331333322223133111331211111112111111121111111
3333333333333333333331333322213133111131211111112111111121111111
3333333333333333333331333322222133111131211111112111111121111111
3333333333333333333331333111111133111131211111112111111121111111
3333333333333333333321333112111133211131221111112111111121111111
3333333333333333333321333112111131111131211111112111111121111111
3333333333333333333321333112121131111121211111112111111121111111
3333333333333333333321133112111131111121211111112111111121111111
3333333333333333333321133112111122222221211111112111111121111111
3333333333333333333321131112111121222221211111112111111121111111
3333333333333333333322221112112121222221211111112111111121111111
3333333333333333333122221111112121212221211111112111111121111111
3333333333333333332222221222112121212221211111112111111121111111
3333333333333333312222221112112121212221211111112111111121111111
3333333333333333222222222212112121212221211111112111111121111111
3333333333333331222222112212112121212221211111112111111121111111
3333333333333321222222212212112121212221211111112111111121111111
3333333333333111222211112211112121112221211111112111111121111111
3333333333332111222222112211212121112221211111112111111121111111
3333333333311111222112112211212121112221211111112111111121111111
3333333333211111222212112211212121112221211111112111111121111111
3333333331111111211212112111212121112221211111112111111121111111
3333333231111121211212112111212121112221211111112111111121111111
3333331231111111211212112111212121112221211111112111111121111111
3333322231112211211212112111212121112221211111112111111121111111
3333122231111111211212112111212121112221211111112111111121111111
3332222231222111221212112111212121112221211111112111111121111111
3332222211222111211212112111212121112221211111112111111121111111
3322222212222111211212112111212121112221211111112111111121111111
3122222211122111211112112111112121112121211111112111111121111111
3333333333333333333333333331233333321333333333333333333333333333
3333333333333333333333333331233333322333333323333333333333333333
3333333333333333333333333331233333321333333321333333333333333333
3333333333333333333333333331233333321333333322233333333333333333
3333333333333333333333333331233333321333333321233333331333333333
3333333333333333333333333331233333321333333321233333332333333323
3333333333333333333333333331233333321333333321233333331333333321
3333333333333333333333333331233333322233333321233333331333333321
3333333333333333333333333331233333322233333321233333331333333111
3333333333333333333333333331233333322233333322233333321333333111
3333333333333333333333333331233333322233333322233333111333333111
3333333333333333333333333331233333322233333322233333221333332111
3333333333333333333333333331233333322233333322233333221333311111
3333333333333333333333333331233333322233333322233333222233311111
3333333333333333333333333331233333322233333322213333221133311111
3333333333333333333333333322233333322233333322213333221133311111
3333333333333333333333333322233333322233333322213331111133311111
3333333333333333333333333322233333322233333322213332111133211111
3333333333333333333333333322233333322233333322213332111131111111
3333333333333333333333333322233333322233333322213332111131111111
3333333333333333333333333322233333322233333322213311111131111111
3333333333333333333333333322233333322233333322213311111131111111
3333333333333333333333333322233333322233333111113311111131111111
3333333333333333333333333322233333322233333111113311111131111111
3333333333333333333333333322231333322133333111113311111131111111
3333333333333333333333333322231333322223333111113311111131111111
3333333333333333333333333322231133322213333111113311111131111111
3333333333333333333333333322231133322222333111113311111131111111
3333333333333333333333333322211133321112333111113311111131111111
3333333333333333333332333322212133321112333111113311111131111111
3333333333333333333332333322212133111112333111113311111131111111
3333333333333333333332333322212133221112332111113311111131111111
3333333333333333333332333322212133221112311111113311111131111111
3333333333333333333332333322212133221112312111113211111131111111
3333333333333333333332333322212133221112312111111111111131111111
3333333333333333333332333322212133221112312111111211111121111111
3333333333333333333332333322212133221112112111111111111121111111
3333333333333333333332333322212123221112212111112111111121111111
3333333333333333333332333322212121111112211111112111111121111111
3333333333333333333332323322212221111112211111112111111121111111
3333333333333333333332323111112221111112211111112111111121111111
3333333333333333333322323112112221211112221111112111111121111111
3333333333333333333322123112111221211112221111112111111121111111
3333333333333333333222123122111222211112221111112111111121111111
3333333333333333333222121122111221211112221111112111111121111111
3333333333333333332222121222111221211112221111112111111121111111
3333333333333333311111121112111221211112221111112111111121111111
3333333333333323311112121112211221221112222111112211111121111111
3333333333333321311112111112211121221111222111112211111121111111
3333333333333321222222112212211121221111222111112211111121111111
3333333333333111222221112212211121221111222111112211111121111111
3333333233333121222222112212211121221111222111112211111121111111
3333333233331121222111112212111121221111222111112211111121111111
3333333233322221222211112212111121221111222111112211111121111111
3333333233111111221111112212111121221111222111112211111121111111
3333333232111111222111112212111121221111222111112211111121111111
3333333211111111212111112212111121221111222111112211111121111111
3333332211111211212121112212111121221111222111112211111121111111
3333312211111111212121112212111121221111222111112211111121111111
3333222211122111212121112212111121221111222111112211111121111111
3331222211111111212121112212111121221111222111112211111121111111
3322222212221111212121112212111121221111222111112211111121111111
3122222211121111212121112212111121221111222111112211111121111111
3333333333333333333333333331233333321333333333333333333333333333
3333333333333333333333333331233333322333333323333333333333333333
3333333333333333333333333331233333321333333321333333333333333333
3333333333333333333333333331233333321333333322233333333333333333
3333333333333333333333333331233333321333333321233333331333333333
3333333333333333333333333331233333321333333321233333332333333323
3333333333333333333333333331233333321333333321233333331333333321
3333333333333333333333333331233333322233333321233333331333333321
3333333333333333333333333331233333322233333321233333331333333111
3333333333333333333333333331233333322233333322233333321333333111
3333333333333333333333333331233333322233333322233333111333333111
3333333333333333333333333331233333322233333322233333221333332111
3333333333333333333333333331233333322233333322233333221333311111
3333333333333333333333333331233333322233333322233333222233311111
3333333333333333333333333331233333322233333322213333221133311111
3333333333333333333333333322233333322233333322213333221133311111
3333333333333333333333333322233333322233333322213331111133311111
3333333333333333333333333322233333322233333322213332111133211111
3333333333333333333333333322233333322233333322213332111131111111
3333333333333333333333333322233333322233333322213332111131111111
3333333333333333333333333322233333322233333322213311111131111111
3333333333333333333333333322233333322233333322213311111131111111
3333333333333333333333333322233333322233333111113311111131111111
3333333333333333333333333322233333322233333111113311111131111111
3333333333333333333333333322231333322133333111113311111131111111
3333333333333333333333333322231333322223333111113311111131111111
3333333333333333333333333322231133322213333111113311111131111111
3333333333333333333333333322231133322222333111113311111131111111
3333333333333333333333333322211133321112333111113311111131111111
3333333333333333333332333322212133321112333111113311111131111111
3333333333333333333332333322212133111112333111113311111131111111
3333333333333333333332333322212133221112332111113311111131111111
3333333333333333333332333322212133221112311111113311111131111111
3333333333333333333332333322212133221112312111113211111131111111
3333333333333333333332333322212133221112312111111111111131111111
3333333333333333333332333322212133221112312111111211111121111111
3333333333333333333332333322212133221112112111111111111121111111
3333333333333333333332333322212123221112212111112111111121111111
3333333333333333333332333322212121111112211111112111111121111111
3333333333333333333332323322212221111112211111112111111121111111
3333333333333333333332323111112221111112211111112111111121111111
3333333333333333333322323112112221211112221111112111111121111111
3333333333333333333322123112111221211112221111112111111121111111
3333333333333333333222123122111222211112221111112111111121111111
3333333333333333333222121122111221211112221111112111111121111111
3333333333333333332222121222111221211112221111112111111121111111
3333333333333333311111121112111221211112221111112111111121111111
3333333333333323311112121112211221221112222111112211111121111111
3333333333333321311112111112211121221111222111112211111121111111
3333333333333321222222112212211121221111222111112211111121111111
3333333333333111222221112212211121221111222111112211111121111111
3333333233333121222222112212211121221111222111112211111121111111
3333333233331121222111112212111121221111222111112211111121111111
3333333233322221222211112212111121221111222111112211111121111111
3333333233111111221111112212111121221111222111112211111121111111
3333333232111111222111112212111121221111222111112211111121111111
3333333211111111212111112212111121221111222111112211111121111111
3333332211111211212121112212111121221111222111112211111121111111
3333312211111111212121112212111121221111222111112211111121111111
3333222211122111212121112212111121221111222111112211111121111111
3331222211111111212121112212111121221111222111112211111121111111
3322222212221111212121112212111121221111222111112211111121111111
3122222211121111212121112212111121221111222111112211111121111111
3333333333333333333333333331233333321333333333333333333333333333
3333333333333333333333333331233333322333333323333333333333333333
3333333333333333333333333331233333321333333321333333333333333333
3333333333333333333333333331233333321333333322233333333333333333
3333333333333333333333333331233333321333333321233333331333333333
3333333333333333333333333331233333321333333321233333332333333323
3333333333333333333333333331233333321333333321233333331333333321
3333333333333333333333333331233333322233333321233333331333333321
3333333333333333333333333331233333322233333321233333331333333111
3333333333333333333333333331233333322233333322233333321333333111
3333333333333333333333333331233333322233333322233333111333333111
3333333333333333333333333331233333322233333322233333221333332111
3333333333333333333333333331233333322233333322233333221333311111
3333333333333333333333333331233333322233333322233333222233311111
3333333333333333333333333331233333322233333322213333221133311111
3333333333333333333333333322233333322233333322213333221133311111
3333333333333333333333333322233333322233333322213331111133311111
3333333333333333333333333322233333322233333322213332111133211111
3333333333333333333333333322233333322233333322213332111131111111
3333333333333333333333333322233333322233333322213332111131111111
3333333333333333333333333322233333322233333322213311111131111111
3333333333333333333333333322233333322233333322213311111131111111
3333333333333333333333333322233333322233333111113311111131111111
3333333333333333333333333322233333322233333111113311111131111111
3333333333333333333333333322231333322133333111113311111131111111
3333333333333333333333333322231333322223333111113311111131111111
3333333333333333333333333322231133322213333111113311111131111111
3333333333333333333333333322231133322222333111113311111131111111
3333333333333333333333333322211133321112333111113311111131111111
3333333333333333333332333322212133321112333111113311111131111111
3333333333333333333332333322212133111112333111113311111131111111
3333333333333333333332333322212133221112332111113311111131111111
3333333333333333333332333322212133221112311111113311111131111111
3333333333333333333332333322212133221112312111113211111131111111
3333333333333333333332333322212133221112312111111111111131111111
3333333333333333333332333322212133221112312111111211111121111111
3333333333333333333332333322212133221112112111111111111121111111
3333333333333333333332333322212123221112212111112111111121111111
3333333333333333333332333322212121111112211111112111111121111111
3333333333333333333332323322212221111112211111112111111121111111
3333333333333333333332323111112221111112211111112111111121111111
3333333333333333333322323112112221211112221111112111111121111111
3333333333333333333322123112111221211112221111112111111121111111
3333333333333333333322122222111221211112221111112111111121111111
3333333333333333333111122211111221211112221111112111111121111111
3333333333333323333112122211211221221112222111112211111121111111
3333333333333323313112122111211221221112222111112211111121111111
3333333333333323312222122221211221221112222111112211111121111111
3333333333333323112222122121211221121112222111112211111121111111
3333333333333223112222222121211221121112222111112211111121111111
3333333333333221112222112121211121121111222111112211111121111111
3333333333233221122222112121211121121111222111112211111121111111
3333333333231111122111112111111121121111222111112211111121111111
3333333333221111122211112112111121121111222111112211111121111111
3333333331111111111211112111111121121111222111112211111121111111
3333333321111111221211112121111121121111222111112211111121111111
3333333321111111221211112121111121121111222111112211111121111111
3333333221111121221212112121211121121111222111112211111121111111
3333331221111111221212112121211121121111222111112211111121111111
3333322221112211221212112121211121121111222111112211111121111111
3333122221111111221212112121211121121111222111112211111121111111
3332222221222111221212112121211121121111222111112211111121111111
3312222221112111221212112121211121121111222111112211111121111111
3222222222212111221212112121211121121111222111112211111121111111
3333333333333333333333333331233333321333333333333333333333333333
3333333333333333333333333331233333322333333323333333333333333333
3333333333333333333333333331233333321333333321333333333333333333
3333333333333333333333333331233333321333333322233333333333333333
3333333333333333333333333331233333321333333321233333331333333333
3333333333333333333333333331233333321333333321233333332333333323
3333333333333333333333333331233333321333333321233333331333333321
3333333333333333333333333331233333322233333321233333331333333321
3333333333333333333333333331233333322233333321233333331333333111
3333333333333333333333333331233333322233333322233333321333333111
3333333333333333333333333331233333322233333322233333111333333111
3333333333333333333333333331233333322233333322233333221333332111
3333333333333333333333333331233333322233333322233333221333311111
3333333333333333333333333331233333322233333322233333222233311111
3333333333333333333333333331233333322233333322213333221133311111
3333333333333333333333333322233333322233333322213333221133311111
3333333333333333333333333322233333322233333322213331111133311111
3333333333333333333333333322233333322233333322213332111133211111
3333333333333333333333333322233333322233333322213332111131111111
3333333333333333333333333322233333322233333322213332111131111111
3333333333333333333333333322233333322233333322213311111131111111
3333333333333333333333333322233333322233333322213311111131111111
3333333333333333333333333322233333322233333111113311111131111111
3333333333333333333333333322233333322233333111113311111131111111
3333333333333333333333333322231333322133333111113311111131111111
3333333333333333333333333322231333322223333111113311111131111111
3333333333333333333333333322231133322213333111113311111131111111
3333333333333333333333333322231133322222333111113311111131111111
3333333333333333333333333322211133321112333111113311111131111111
3333333333333333333333323322211233321112333111113311111131111111
3333333333333333333333323322211233111112333111113311111131111111
3333333333333333333333323322211233221112332111113311111131111111
3333333333333333333333323322211233221112311111113311111131111111
3333333333333333333333323322211233221112312111113211111131111111
3333333333333333333333323322211233221112312111111111111131111111
3333333333333333333333323322211233221112312111111211111121111111
3333333333333333333333323322211233221112112111111111111121111111
3333333333333333333332323322212233221112112111111111111121111111
3333333333333333333332323322212231111112111111111111111121111111
3333333333333333333332323322212222222222211111112111111121111111
3333333333333333333332323111112221122222211111112111111121111111
3333333333333333333332322222222221122222211111112111111121111111
3333333333333333333332122222211221121212211111112111111121111111
3333333333333233333332222222211221121212211111112111111121111111
3333333333333233333312222221111221121212211111112111111121111111
3333333333333233333222222222211221121212211111112111111121111111
3333333333333233331222222211211221121212211111112111111121111111
3333333333333233322222222221211221121212211111112111111121111111
3333333333333233122222222121211221121212211111112111111121111111
3333333323333233222222222121211221121212211111112111111121111111
3333333323333231222222112121211121121211211111112111111121111111
3333333323333231222222112121211121121211211111112111111121111111
3333333323333211222221112121111121111211211111112111111121111111
3333333223333221222222112121211121121211212111112211111121111111
3333333223331111222111112111111121121211212111112211111121111111
3333333223321111222211112112111121121211212111112211111121111111
3333333223111111221111112112111121121211212111112211111121111111
3333333222111111222111112112111121121211212111112211111121111111
3133333221111111212111112112111121121211212111112211111121111111
3133332221111211212121112112111121121211212111112211111121111111
3133312221111111212121112112111121121211212111112211111121111111
3133222221122111212121112112111121121211212111112211111121111111
3131222221111111212121112112111121121211212111112211111121111111
3122222222221111212121112112111121121211212111112211111121111111
3333333333333333333333333331233333321333333333333333333333333333
3333333333333333333333333331233333322333333323333333333333333333
3333333333333333333333333331233333321333333321333333333333333333
3333333333333333333333333331233333321333333322233333333333333333
3333333333333333333333333331233333321333333321233333331333333333
3333333333333333333333333331233333321333333321233333332333333323
3333333333333333333333333331233333321333333321233333331333333321
3333333333333333333333333331233333322233333321233333331333333321
3333333333333333333333333331233333322233333321233333331333333111
3333333333333333333333333331233333322233333322233333321333333111
3333333333333333333333333331233333322233333322233333111333333111
3333333333333333333333333331233333322233333322233333221333332111
3333333333333333333333333331233333322233333322233333221333311111
3333333333333333333333333331233333322233333322233333222233311111
3333333333333333333333333331233333322233333322213333221133311111
3333333333333333333333333322233333322233333322213333221133311111
3333333333333333333333333322233333322233333322213331111133311111
3333333333333333333333333322233333322233333322213332111133211111
3333333333333333333333333322233333322233333322213332111131111111
3333333333333333333333333322233333322233333322213332111131111111
3333333333333333333333333322233333322233333322213311111131111111
3333333333333333333333333322233333322233333322213311111131111111
3333333333333333333333333322233333322233333111113311111131111111
3333333333333333333333333322233333322233333111113311111131111111
3333333333333333333333333322231333322133333111113311111131111111
3333333333333333333333333322231333322223333111113311111131111111
3333333333333333333333333322231133322213333111113311111131111111
3333333333333333333333333322231133322222333111113311111131111111
3333333333333333333333333322211133321112333111113311111131111111
3333333333333333333333323322211233321112333111113311111131111111
3333333333333333333333323322211233111112333111113311111131111111
3333333333333333333333323322211233221112332111113311111131111111
3333333333333333333333323322211233221112311111113311111131111111
3333333333333333333333323322211233221112312111113211111131111111
3333333333333333333333323322211233221112312111111111111131111111
3333333333333333333333323322211233221112312111111211111121111111
3333333333333333333333323322211233221112112111111111111121111111
3333333333333333333332323322212233221112112111111111111121111111
3333333333333333333332323322212231111112111111111111111121111111
3333333333333333333332323322212222222222211111112111111121111111
3333333333333333333332323111112221122222211111112111111121111111
3333333333333333333332322222222221122222211111112111111121111111
3333333333333333333332122222211221121212211111112111111121111111
3333333333333233333332222222211221121212211111112111111121111111
3333333333333233333312222221111221121212211111112111111121111111
3333333333333233333222222222211221121212211111112111111121111111
3333333333333233331222222211211221121212211111112111111121111111
3333333333333233322222222221211221121212211111112111111121111111
3333333333333233122222222121211221121212211111112111111121111111
3333333323333233222222222121211221121212211111112111111121111111
3333333323333231222222112121211121121211211111112111111121111111
3333333323333231222222112121211121121211211111112111111121111111
3333333323333211222221112121111121111211211111112111111121111111
3333333223333221222222112121211121121211212111112211111121111111
3333333223331111222111112111111121121211212111112211111121111111
3333333223321111222211112112111121121211212111112211111121111111
3333333223111111221111112112111121121211212111112211111121111111
3333333222111111222111112112111121121211212111112211111121111111
3133333221111111212111112112111121121211212111112211111121111111
3133332221111211212121112112111121121211212111112211111121111111
3133312221111111212121112112111121121211212111112211111121111111
3133222221122111212121112112111121121211212111112211111121111111
3131222221111111212121112112111121121211212111112211111121111111
3122222222221111212121112112111121121211212111112211111121111111
3333333333333333333333333331233333321333333333333333333333333333
3333333333333333333333333331233333311333333133333333333333333333
3333333333333333333333333331233333312333333123333333333333333333
3333333333333333333333333331233333312333333113333333313333333333
3333333333333333333333333331233333312333333123333333213333333333
3333333333333333333333333331233333312333333123333333113333333133
3333333333333333333333333331233333312333333123333333123333333123
3333333333333333333333333331233333312333333123333333123333333111
3333333333333333333333333331233333312333333123333333223333332111
3333333333333333333333333331233333312333333123333333223333311111
3333333333333333333333333331233333312333333223333323223333311111
3333333333333333333333333331233333312333333123333321223333311111
3333333333333333333333333331233333312333333123333322223333211111
3333333333333333333333333331233333312333333123333312223331111111
3333333333333333333333333331233333312333333123333222223331111111
3333333333333333333333333331233333312333333123133222213331111111
3333333333333333333333333331233333312333333123133222222331111111
3333333333333333333333333331233333312333333123113222221331111111
3333333333333333333333333331233333312333333123113222222231111111
3333333333333333333333333331233333311333333111113222111231111111
3333333333333333333333333331233333321333332111113222111231111111
3333333333333333333333333331233333321333332111111111111231111111
3333333333333333333333333331233333321333332111111211111221111111
3333333333333333333333333331233333321333311111111111111221111111
3333333333333333333333333331233333321333211111112111111221111111
3333333333333333333333333331233333111333211111112111111221111111
3333333333333333333333333331233333111332211111122111111221111111
3333333333333333333333333331233133111331211111112111111121111111
3333333333333333333333333322233133111331211111112111111121111111
3333333333333333333331333322133133111331211111112111111121111111
3333333333333333333331333322223133111331211111112111111121111111
3333333333333333333331333322213133111131211111112111111121111111
3333333333333333333331333322222133111131211111112111111121111111
3333333333333333333331333111111133111131211111112111111121111111
3333333333333333333321333112111133211131221111112111111121111111
3333333333333333333321333112111131111131211111112111111121111111
3333333333333333333321333112121131111121211111112111111121111111
3333333333333333333321133112111131111121211111112111111121111111
3333333333333333333321133112111122222221211111112111111121111111
3333333333333333333321131112111121222221211111112111111121111111
3333333333333333333322221112112121222221211111112111111121111111
3333333333333333333122221111112121212221211111112111111121111111
3333333333333333332222221222112121212221211111112111111121111111
3333333333333333312222221112112121212221211111112111111121111111
3333333333333333222222222212112121212221211111112111111121111111
3333333333333331222222112212112121212221211111112111111121111111
3333333333333321222222212212112121212221211111112111111121111111
3333333333333111222211112211112121112221211111112111111121111111
3333333333332111222222112211212121112221211111112111111121111111
3333333333311111222112112211212121112221211111112111111121111111
3333333333211111222212112211212121112221211111112111111121111111
3333333331111111211212112111212121112221211111112111111121111111
3333333231111121211212112111212121112221211111112111111121111111
3333331231111111211212112111212121112221211111112111111121111111
3333322231112211211212112111212121112221211111112111111121111111
3333122231111111211212112111212121112221211111112111111121111111
3332222231222111221212112111212121112221211111112111111121111111
3332222211222111211212112111212121112221211111112111111121111111
3322222212222111211212112111212121112221211111112111111121111111
3122222211122111211112112111112121112121211111112111111121111111
3333333333333333333333333331233333321333333333333333333333333333
3333333333333333333333333331233333311333333133333333333333333333
3333333333333333333333333331233333312333333123333333333333333333
3333333333333333333333333331233333312333333113333333313333333333
3333333333333333333333333331233333312333333123333333213333333333
3333333333333333333333333331233333312333333123333333113333333133
3333333333333333333333333331233333312333333123333333123333333123
3333333333333333333333333331233333312333333123333333123333333111
3333333333333333333333333331233333312333333123333333223333332111
3333333333333333333333333331233333312333333123333333223333311111
3333333333333333333333333331233333312333333223333323223333311111
3333333333333333333333333331233333312333333123333321223333311111
3333333333333333333333333331233333312333333123333322223333211111
3333333333333333333333333331233333312333333123333312223331111111
3333333333333333333333333331233333312333333123333222223331111111
3333333333333333333333333331233333312333333123133222213331111111
3333333333333333333333333331233333312333333123133222222331111111
3333333333333333333333333331233333312333333123113222221331111111
3333333333333333333333333331233333312333333123113222222231111111
3333333333333333333333333331233333311333333111113222111231111111
3333333333333333333333333331233333321333332111113222111231111111
3333333333333333333333333331233333321333332111111111111231111111
3333333333333333333333333331233333321333332111111211111221111111
3333333333333333333333333331233333321333311111111111111221111111
3333333333333333333333333331233333321333211111112111111221111111
3333333333333333333333333331233333111333211111112111111221111111
3333333333333333333333333331233333111332211111122111111221111111
3333333333333333333333333331233133111331211111112111111121111111
3333333333333333333333333322233133111331211111112111111121111111
3333333333333333333331333322133133111331211111112111111121111111
3333333333333333333331333322223133111331211111112111111121111111
3333333333333333333331333322213133111131211111112111111121111111
3333333333333333333331333322222133111131211111112111111121111111
3333333333333333333331333111111133111131211111112111111121111111
3333333333333333333321333112111133211131221111112111111121111111
3333333333333333333321333112111131111131211111112111111121111111
3333333333333333333321333112121131111121211111112111111121111111
3333333333333333333321133112111131111121211111112111111121111111
3333333333333333333321133112111122222221211111112111111121111111
3333333333333333333321131112111121222221211111112111111121111111
3333333333333333333322221112112121222221211111112111111121111111
3333333333333333333122221111112121212221211111112111111121111111
3333333333333333332222221222112121212221211111112111111121111111
3333333333333333312222221112112121212221211111112111111121111111
3333333333333333222222222212112121212221211111112111111121111111
3333333333333331222222112212112121212221211111112111111121111111
3333333333333321222222212212112121212221211111112111111121111111
3333333333333111222211112211112121112221211111112111111121111111
3333333333332111222222112211212121112221211111112111111121111111
3333333333311111222112112211212121112221211111112111111121111111
3333333333211111222212112211212121112221211111112111111121111111
3333333331111111211212112111212121112221211111112111111121111111
3333333231111121211212112111212121112221211111112111111121111111
3333331231111111211212112111212121112221211111112111111121111111
3333322231112211211212112111212121112221211111112111111121111111
3333122231111111211212112111212121112221211111112111111121111111
3332222231222111221212112111212121112221211111112111111121111111
3332222211222111211212112111212121112221211111112111111121111111
3322222212222111211212112111212121112221211111112111111121111111
3122222211122111211112112111112121112121211111112111111121111111
